99
6 2 0 2 0 2 0
3 1 0 2 0 0 0
645 234 0 210 0 201 0
205 85 0 20 0 100 0
117 8 0 1 0 108 0
777 198 0 370 0 209 0
147 26 0 50 0 71 0
16 7 0 6 0 3 0
999 333 0 333 0 333 0
56 22 0 25 0 9 0
488 105 0 173 0 210 0
753 291 0 266 0 196 0
999 1 0 499 0 499 0
4 3 0 0 0 1 0
439 166 0 92 0 181 0
439 186 0 192 0 61 0
4 2 0 1 0 1 0
949 402 0 358 0 189 0
196 9 0 92 0 95 0
722 215 0 346 0 161 0
999 250 0 249 0 500 0
749 29 0 108 0 612 0
591 59 0 271 0 261 0
999 500 0 0 0 499 0
6 3 0 3 0 0 0
113 36 0 39 0 38 0
5 3 0 1 0 1 0
846 213 0 359 0 274 0
4 1 0 1 0 2 0
999 250 0 250 0 499 0
5 2 0 1 0 2 0
648 249 0 320 0 79 0
908 404 0 268 0 236 0
602 472 0 114 0 16 0
123 52 0 24 0 47 0
1000 501 0 0 0 499 0
3 0 0 1 0 2 0
874 148 0 401 0 325 0
403 105 0 179 0 119 0
913 394 0 234 0 285 0
816 222 0 297 0 297 0
672 293 0 312 0 67 0
964 344 0 481 0 139 0
846 275 0 392 0 179 0
3 1 0 1 0 1 0
244 82 0 75 0 87 0
194 143 0 39 0 12 0
101 32 0 27 0 42 0
347 139 0 133 0 75 0
709 158 0 228 0 323 0
1000 500 0 500 0 0 0
705 133 0 136 0 436 0
371 133 0 183 0 55 0
733 28 0 359 0 346 0
547 193 0 267 0 87 0
1000 334 0 333 0 333 0
834 304 0 290 0 240 0
626 76 0 287 0 263 0
7 2 0 2 0 3 0
201 99 0 8 0 94 0
47 1 0 45 0 1 0
6 1 0 2 0 3 0
234 57 0 87 0 90 0
52 24 0 14 0 14 0
423 144 0 208 0 71 0
32 8 0 8 0 16 0
4 1 0 2 0 1 0
82 36 0 15 0 31 0
517 128 0 221 0 168 0
405 149 0 199 0 57 0
5 3 0 2 0 0 0
976 266 0 475 0 235 0
232 98 0 53 0 81 0
892 322 0 387 0 183 0
4 2 0 0 0 2 0
178 47 0 82 0 49 0
260 0 0 39 0 221 0
826 406 0 378 0 42 0
506 161 0 226 0 119 0
421 194 0 125 0 102 0
416 23 0 203 0 190 0
3 3 0 0 0 0 0
1000 500 0 1 0 499 0
929 389 0 380 0 160 0
179 122 0 11 0 46 0
207 69 0 39 0 99 0
402 110 0 18 0 274 0
4 2 0 2 0 0 0
237 116 0 46 0 75 0
1000 250 0 250 0 500 0
94 24 0 17 0 53 0
339 64 0 150 0 125 0
727 285 0 93 0 349 0
182 39 0 86 0 57 0
488 210 0 80 0 198 0
258 118 0 90 0 50 0
15 3 0 7 0 5 0
843 279 0 249 0 315 0
851 399 0 253 0 199 0
