9
103 34
217 217 217 217 1891 4819 2291 2987 3811 1739 2491 4717 445 65 1079 8383 5353 901 187 649 1003 697 3239 7663 291 123 779 1007 3551 1943 2117 1679 989 3053
1024 59
169 169 221 289 289 527 961 961 1643 2809 3127 3481 6431 11881 15151 19321 22657 118501 528529 528529 528529 528529 118501 34393 44521 50851 58081 66757 76729 81161 85849 98741 113569 137833 167281 179551 192721 244523 310249 334757 361201 368413 375769 400289 426409 442081 458329 462391 466489 471953 477481 496829 516961 522713 528529 579419 635209 646367 657721
103 31
217 1891 4819 2291 2987 3811 1739 2491 4717 445 65 1079 8383 5353 901 187 649 1003 697 3239 7663 291 123 779 1007 3551 1943 2117 1679 989 3053
103 34
217 217 217 217 1891 4819 2291 2987 3811 1739 2491 4717 445 65 1079 8383 5353 901 187 649 1003 697 3239 7663 291 123 779 1007 3551 1943 2117 1679 989 3053
10000 25
3292937 175597 18779 50429 375469 1651121 2102 3722 2376497 611683 489059 2328901 3150061 829981 421301 76409 38477 291931 730241 959821 1664197 3057407 4267589 4729181 5335543
103 91
4343 5959 5959 6161 1403 1679 5183 4189 4189 1349 57 87 203 329 611 221 221 247 551 1189 697 731 2881 1139 1717 9797 1843 589 217 21 111 3811 3193 217 49 679 2231 667 1189 2173 1537 1247 1849 731 1343 237 123 4141 1717 187 781 1207 1411 581 427 3721 1769 1247 817 95 15 15 355 497 259 1517 943 989 215 295 413 91 767 5723 7663 5767 4891 1273 551 2813 3977 4141 303 51 1207 5609 6557 581 511 7519 9167
10000 89
6812569 71408737 62485361 12327983 4657111 4657111 395833 1753133 45904237 52606009 26901377 36567031 71507327 25146151 731537 1802573 37563571 37545983 73665953 78428057 33718519 31671151 31671151 307847 283279 29443951 5961257 5961257 3528443 86299 1528273 71408737 34181153 2395697 3172381 968701 1820297 74425129 37932919 15534601 25589519 61876949 84225437 6812569 3172381 381053 754553 21263849 23060201 45262669 15669083 11122967 11298953 8573891 17911939 601169 716041 45093329 37859161 62485361 30479191 2441303 5004913 10350247 10350247 62485361 5961257 1616249 20178553 30479191 16220003 10738349 7983007 720143 1102897 37911431 25624849 30182419 12754699 14719487 51532993 19386943 12658817 945401 647903 194137 194137 12225953 2984617
4692 91
616751 616751 943883 3131423 237311 703951 703951 237311 798509 17561 5219 987619 6926201 9393539 1522687 81317 613489 44761 54689 749561 71531 812629 7181311 46121 44761 6969551 3840797 6501931 6501931 3045649 2168267 317131 407389 1370791 1362527 3143177 3457733 3327143 9288943 1243657 237311 1842059 40511 22219 1708249 1935667 3920207 5698991 2813971 801191 1845743 7801501 3837271 3837271 10496141 68867 36601 2857031 309191 142829 907853 3837271 1588283 801191 1350131 1362527 2839807 5130599 5130599 2839807 5910439 6636361 6461603 14035771 14415377 13492291 13492291 5910439 1739761 3971509 6320089 2168267 2168267 4813007 1772489 2035309 5668849 5130599 6307801 8515399 12697499 
1774 120
1058633 2001059 2455489 2455489 1803617 698657 368449 503203 1342151 2621161 377227 298939 1646089 322033 63001 63001 112699 345281 591361 1235783 1235783 1235783 358361 3791 11509 864529 1630729 284771 284771 284771 49729 49729 100127 1347 9 9 3831 292433 52441 52441 358843 2455489 1299043 503203 903823 2217121 373739 152357 368449 775139 1630729 1630729 573373 201601 357853 177731 101911 208849 205193 205193 205193 100127 49729 51959 54289 346937 346937 346937 1145041 591361 591361 171487 49729 135361 368449 425507 491401 314749 201601 544637 544637 544637 20621 3791 49729 669 669 669 699 54289 298939 1807747 1985281 1985281 525557 139129 286837 932797 1471369 304463 143321 326041 326041 455087 635209 177731 135361 775139 1799293 1985281 1985281 2264263 975449 368449 368449 698657 1324801 1527377 1527377 1527377 
