4
4
1 2 3 4
2 1 4 3
3 4 1 2
4 3 2 1
4
2 2 2 2
2 3 2 3
2 2 2 3
2 2 2 2
3
2 1 3
1 3 2
1 2 3
100
654 938 823 76 355 698 66 450 283 954 671 412 785 694 310 687 409 599 29 483 169 895 455 588 129 994 739 429 877 517 429 844 75 543 444 16 890 844 409 574 204 487 632 846 699 847 513 34 818 260 7 299 484 637 634 522 321 227 488 959 781 619 425 667 555 313 559 525 117 463 968 247 763 40 875 681 493 863 456 553 26 11 898 484 990 623 900 603 616 553 254 301 513 385 72 816 656 209 826 927
527 874 949 831 42 710 265 756 562 11 685 192 386 687 480 205 639 7 698 562 130 657 865 492 400 124 778 63 298 47 946 42 744 936 740 786 772 304 449 899 927 365 896 498 663 411 272 965 708 146 36 68 80 560 462 910 306 705 512 206 55 364 361 633 700 681 791 122 997 146 897 946 36 156 448 113 81 563 850 37 876 812 433 340 292 823 897 849 225 984 438 433 573 458 141 892 851 457 176 991
627 419 685 419 114 591 212 338 606 670 270 572 193 270 881 46 338 633 148 98 398 13 949 830 573 605 930 541 141 474 633 566 685 784 404 904 637 471 674 369 121 79 983 712 675 551 397 633 541 852 986 247 911 911 247 247 862 367 131 815 315 351 746 599 272 130 967 407 831 63 372 722 869 184 402 915 677 711 885 357 266 467 643 628 339 998 945 300 377 449 305 541 305 883 612 360 459 738 964 240
222 533 230 306 875 91 214 244 3 200 658 199 848 797 869 447 953 816 450 153 728 177 24 561 603 651 259 867 881 856 198 123 839 92 729 340 498 859 575 641 989 180 723 481 632 882 151 716 878 222 282 639 849 870 344 93 814 71 873 724 908 459 173 365 896 703 511 83 488 873 996 751 210 634 851 84 718 142 525 581 993 275 161 22 47 813 436 417 846 574 323 289 394 428 441 630 654 558 732 111
810 669 202 4 342 421 640 601 894 939 194 404 18 504 913 874 948 539 182 635 324 358 39 901 596 14 548 829 102 353 349 53 640 599 199 904 73 80 820 60 673 164 889 411 716 285 902 764 888 582 391 168 252 974 22 474 263 870 333 339 881 561 441 58 858 834 312 682 672 740 202 312 104 860 310 259 882 915 230 727 948 326 451 189 661 159 10 244 145 72 1 764 291 984 475 994 897 228 433 773
974 625 420 805 244 972 407 933 91 496 515 606 739 158 867 677 376 552 197 399 16 943 5 168 98 285 464 658 929 927 0 604 444 127 571 359 974 454 230 849 138 595 413 839 369 847 126 117 616 368 863 491 881 681 800 31 846 877 645 780 404 820 495 78 565 999 727 193 844 342 304 704 727 699 876 33 15 306 994 946 355 438 866 49 559 719 997 54 286 907 515 229 868 504 464 845 183 860 264 671
724 251 831 666 299 904 471 498 475 430 946 357 207 196 42 290 32 48 674 754 976 623 411 96 538 190 112 188 295 690 357 492 448 216 642 70 955 183 653 930 73 954 474 407 427 939 892 15 951 486 199 852 383 4 453 43 116 39 228 132 893 669 765 473 412 303 964 424 722 684 762 999 810 809 848 910 315 586 238 568 803 1000 166 997 914 146 206 38 230 756 351 288 242 434 201 336 598 199 946 381
686 870 704 659 666 62 784 254 321 938 233 778 965 72 268 39 449 123 308 940 699 509 743 488 538 167 509 602 374 196 559 312 42 939 965 401 84 529 700 18 703 135 542 762 497 640 850 906 0 156 791 687 575 871 727 378 296 759 833 938 977 896 827 10 220 0 438 799 269 52 633 236 478 262 653 286 547 628 415 111 9 706 468 687 445 701 425 600 333 954 569 388 176 166 318 558 957 329 245 871
570 633 59 13 831 590 420 599 605 891 331 49 227 974 822 140 43 335 161 97 926 37 85 486 971 681 574 526 712 756 485 659 331 662 153 250 536 409 323 241 524 846 176 135 451 887 629 819 433 407 379 352 900 735 825 468 344 330 285 712 21 890 498 398 543 332 763 625 396 298 961 250 525 810 522 769 105 133 505 823 942 303 300 209 799 456 924 364 939 411 21 674 105 927 958 182 947 751 485 531
7 264 148 418 783 480 223 452 448 311 469 289 290 192 574 81 426 777 503 759 185 986 685 146 142 396 220 900 589 403 851 129 296 991 131 373 114 449 498 272 110 606 41 685 69 45 349 308 196 426 559 477 131 181 660 933 908 316 619 477 378 429 831 191 909 960 94 161 928 30 942 164 238 190 808 481 221 307 119 377 70 126 828 102 469 190 113 543 135 665 155 381 552 930 367 848 126 807 109 959
813 811 248 764 106 406 402 789 196 615 807 634 781 626 925 705 980 817 701 100 490 342 570 755 484 875 876 689 866 766 515 81 933 380 476 900 853 987 877 651 932 65 965 728 325 102 338 5 819 991 229 186 787 287 470 534 600 687 994 731 227 465 407 468 907 179 382 805 829 301 577 762 832 112 455 673 220 850 508 874 325 138 830 59 162 556 231 661 118 561 345 754 720 36 862 216 674 88 120 542
310 300 391 459 706 245 77 998 628 694 104 55 574 583 504 815 954 981 491 354 988 43 515 166 309 523 451 474 597 167 114 101 931 862 137 954 169 328 934 102 308 190 587 403 635 170 859 516 384 920 955 410 402 88 32 115 14 120 433 826 824 161 844 410 170 37 619 924 310 727 358 210 915 84 355 430 380 771 173 459 591 682 805 796 235 829 379 285 428 364 530 744 386 114 649 785 636 447 197 776
605 463 426 453 769 927 478 471 886 177 523 708 248 953 441 438 670 167 617 862 365 91 142 948 795 714 740 320 881 210 187 227 841 111 792 927 749 817 919 705 853 502 616 451 467 99 257 814 14 291 135 938 997 634 128 103 846 925 690 133 94 790 172 840 448 311 305 444 170 229 652 370 386 548 69 852 207 369 361 195 375 109 214 122 207 357 305 99 162 8 526 665 504 592 500 364 97 122 70 236
235 311 962 42 398 8 893 645 746 227 652 369 27 569 660 306 139 509 534 460 50 574 631 623 204 618 139 493 347 852 118 188 619 567 25 699 959 689 615 632 23 736 263 861 131 57 866 862 307 807 474 48 272 245 817 91 699 813 974 912 612 991 146 600 296 929 923 79 813 14 777 976 860 210 557 410 776 621 867 982 377 178 233 645 625 304 698 359 594 626 28 733 316 554 222 867 952 837 876 53
400 924 323 486 826 751 963 589 179 184 650 153 663 354 825 704 77 313 233 188 213 450 254 390 452 336 150 228 930 815 310 638 485 376 341 461 998 413 920 196 183 776 981 182 661 374 97 33 790 310 836 684 989 878 984 324 179 538 795 987 400 13 581 232 847 664 196 945 129 172 199 339 537 631 510 289 562 879 929 363 794 410 109 978 284 465 72 905 602 784 484 224 410 529 525 357 410 282 797 205
89 12 16 564 909 75 561 818 497 324 923 755 871 541 915 126 199 791 432 750 867 503 738 210 75 391 996 43 451 186 757 888 422 761 886 613 723 599 509 963 738 901 738 410 641 330 938 279 223 980 176 599 164 868 366 13 303 811 747 392 206 558 602 228 592 625 42 548 211 484 43 292 151 120 381 856 726 217 37 268 766 133 338 875 489 224 585 13 93 144 340 988 211 600 346 277 745 743 833 642
40 144 978 582 367 840 442 891 982 310 957 655 88 404 783 300 196 900 490 824 55 297 522 891 209 601 575 537 955 382 641 813 776 921 444 854 857 357 973 638 703 241 323 637 323 383 560 449 749 758 626 702 194 302 853 920 53 328 587 530 213 110 726 509 909 922 169 613 49 770 730 400 183 162 610 232 551 713 648 764 123 134 446 42 590 321 909 527 131 139 467 116 273 187 141 265 714 615 130 987
409 667 821 284 317 120 46 472 978 147 519 718 101 406 257 350 746 964 192 457 322 113 771 637 17 782 943 175 162 338 222 919 444 76 871 987 706 428 95 516 525 630 816 31 524 234 554 388 155 820 346 691 114 500 960 509 244 44 348 663 951 68 664 920 475 118 813 859 902 962 733 525 616 477 311 213 618 668 509 711 131 355 489 863 29 837 334 181 122 234 641 214 548 660 374 107 60 981 135 213
634 210 721 177 42 190 730 449 513 877 53 96 467 803 703 930 349 378 532 179 199 847 160 421 127 677 229 451 454 891 420 83 394 947 291 121 593 6 344 461 645 963 109 449 716 344 26 361 673 170 904 117 356 634 716 868 598 613 138 504 565 509 660 140 680 120 338 76 415 624 434 69 454 146 710 453 497 270 387 664 481 759 375 803 719 531 366 609 102 164 897 871 110 806 884 379 173 615 976 307
308 263 509 254 468 806 416 748 770 47 613 454 721 990 756 782 987 574 375 924 864 825 7 60 494 961 419 57 170 817 830 512 481 684 306 930 14 918 405 998 712 526 634 581 807 213 53 27 565 347 416 805 408 776 910 266 675 804 177 505 57 644 905 961 501 380 310 193 714 497 797 561 22 661 243 529 582 849 339 314 905 312 289 132 283 5 743 199 766 103 289 21 841 885 243 73 945 477 185 51
829 228 574 833 996 662 102 407 675 452 379 362 354 612 805 166 89 176 657 818 566 206 463 976 28 337 127 94 404 376 420 401 42 5 908 953 486 177 120 798 396 785 322 4 654 240 831 282 247 617 803 898 1000 514 90 246 471 201 381 494 349 594 406 378 868 999 307 61 940 995 781 160 873 219 276 791 246 648 938 795 171 18 682 989 672 271 123 252 484 794 814 284 759 592 244 830 519 623 218 866
225 387 803 898 749 871 379 117 431 494 279 931 709 798 873 520 962 1 754 780 895 551 886 32 993 478 112 696 603 814 92 439 190 73 285 787 750 728 636 684 357 622 694 177 855 293 20 548 754 143 15 249 394 356 301 550 383 414 621 178 144 475 903 213 878 272 722 795 870 782 697 557 160 509 618 279 737 7 123 978 735 914 220 624 455 115 252 939 106 528 120 729 221 312 69 192 257 422 263 573
133 269 761 478 188 497 211 760 3 78 492 702 44 88 175 921 152 749 142 708 610 699 359 902 292 328 676 471 205 736 429 790 710 654 948 600 193 613 449 403 49 863 568 422 13 765 268 736 785 773 28 525 682 105 264 213 528 603 626 120 539 347 742 987 475 918 649 627 924 321 322 51 652 265 173 896 337 335 135 270 455 110 494 61 850 463 305 739 618 605 6 413 657 172 753 8 725 65 287 316
130 100 910 315 918 771 835 91 255 101 624 400 103 694 517 975 868 774 123 22 336 792 323 786 243 617 309 518 869 562 956 970 703 446 283 291 970 380 673 794 242 785 116 347 431 154 14 772 103 77 142 7 208 956 671 495 625 976 22 722 7 915 69 754 736 359 175 961 195 991 764 267 900 483 879 72 520 699 131 386 167 450 175 539 566 413 821 616 750 180 39 48 907 354 476 242 933 555 242 659
28 975 693 676 993 408 296 569 927 174 357 839 696 909 721 737 283 411 719 203 278 10 553 780 198 169 779 948 766 906 43 426 742 535 949 256 776 607 602 111 964 413 977 205 177 980 955 754 446 663 625 862 809 387 988 924 769 439 92 699 291 4 378 156 392 223 160 52 198 393 679 705 781 419 559 844 654 651 480 35 892 108 643 71 194 246 752 223 221 318 951 79 447 771 829 556 170 988 723 198
207 95 861 904 626 381 301 23 938 530 393 433 920 743 475 468 123 527 466 324 214 341 206 817 389 808 677 665 801 360 451 275 235 728 550 683 706 960 305 543 330 335 938 217 644 79 881 815 144 221 552 724 428 840 102 480 117 295 861 717 360 560 584 276 877 285 599 656 694 698 217 708 914 153 677 271 988 79 277 595 735 397 471 586 385 969 599 940 678 678 123 53 764 418 213 907 391 688 618 79
101 643 685 903 266 26 131 930 8 655 590 78 725 833 522 616 197 63 960 839 497 646 120 691 610 284 590 435 85 926 429 929 388 829 329 53 627 71 374 404 773 736 968 208 103 952 632 761 470 66 874 911 73 517 360 963 426 493 28 543 986 329 857 388 967 711 366 784 281 955 786 510 95 429 799 839 811 245 189 227 154 921 930 622 772 35 796 19 904 682 978 410 75 951 383 849 312 96 984 848
6 315 68 118 839 722 260 412 781 495 345 198 794 658 918 31 426 6 503 881 831 217 783 646 260 661 769 995 137 199 138 527 313 708 13 917 58 181 580 907 909 365 138 875 283 252 56 841 766 575 362 733 407 959 438 121 75 559 196 928 911 509 32 329 207 872 737 558 715 776 407 627 73 941 462 160 981 220 526 157 956 956 239 158 887 557 713 799 858 790 631 458 230 821 196 958 424 279 347 1000
698 411 607 437 422 964 543 168 744 838 17 821 177 344 423 655 943 966 343 391 574 152 232 2 392 236 649 619 651 782 171 693 407 695 745 114 782 393 368 316 888 501 126 749 689 644 499 230 446 837 506 81 894 746 157 741 95 84 902 115 496 87 340 152 462 448 242 523 366 912 338 800 340 697 55 270 924 588 268 369 608 37 331 681 724 324 964 899 193 439 510 455 771 845 828 285 337 71 517 238
28 92 183 654 695 244 18 138 448 295 217 715 278 828 677 564 912 22 150 562 316 340 734 482 777 675 381 869 373 405 19 294 75 938 965 407 360 251 580 671 982 688 64 514 609 29 643 723 448 947 369 613 379 967 172 538 932 165 924 231 679 739 339 263 644 886 99 926 291 706 828 776 780 989 888 846 835 757 169 711 432 238 386 802 572 28 684 205 642 283 433 10 704 171 383 36 741 445 193 621
974 284 927 612 649 73 821 365 600 269 396 866 626 344 487 545 965 804 492 554 577 397 280 280 482 50 388 27 19 589 934 354 840 827 963 865 597 807 171 952 66 490 60 116 776 52 533 320 586 225 380 446 413 137 930 362 999 682 854 735 465 980 833 983 166 747 591 414 800 641 292 446 638 319 339 491 178 525 368 872 300 366 218 300 733 823 997 835 83 684 818 637 869 698 280 979 294 954 645 12
563 938 957 632 275 915 465 253 711 11 485 840 460 92 621 678 824 906 75 587 271 379 429 687 785 264 951 845 243 554 692 734 529 158 660 164 399 826 57 441 576 410 460 419 909 628 300 847 574 801 661 728 546 365 836 150 706 563 882 998 941 573 524 587 50 408 509 399 6 788 164 76 961 333 568 865 7 753 912 818 234 701 203 228 537 482 433 114 48 670 208 254 527 354 964 183 721 574 850 117
325 692 712 376 715 591 335 318 529 721 583 218 883 246 71 332 229 742 405 849 152 117 288 759 118 760 946 179 323 199 914 695 581 42 764 206 982 312 583 545 561 628 344 219 390 169 329 700 353 413 564 883 591 633 929 940 425 714 240 293 48 537 791 752 794 418 954 391 389 209 391 838 886 673 216 942 687 48 238 745 568 620 305 100 171 307 734 79 241 680 615 593 214 605 640 773 190 102 32 853
427 860 117 353 300 666 198 955 383 282 132 63 494 582 76 614 458 633 999 337 28 273 33 297 264 48 425 331 941 527 180 997 989 671 88 248 655 661 556 171 27 368 394 703 317 484 190 326 804 965 565 658 297 801 427 978 301 707 869 736 818 998 178 696 955 226 389 578 867 659 201 156 148 273 438 375 690 51 760 326 947 446 44 141 489 209 376 930 570 643 927 949 829 260 11 463 509 605 394 495
93 145 42 677 133 564 2 531 876 871 570 780 372 625 132 250 40 772 12 291 468 718 327 363 791 778 619 714 849 663 915 250 60 567 348 548 391 79 794 29 657 215 838 782 384 658 820 699 167 635 737 997 617 769 933 25 185 724 624 372 422 326 230 262 319 781 75 481 684 760 343 24 306 588 558 772 688 209 353 29 59 794 963 532 562 806 719 808 330 442 223 457 92 761 868 679 26 537 946 538
791 166 952 26 575 311 129 68 864 598 339 215 443 865 20 903 643 783 924 462 649 392 31 72 258 649 579 850 394 592 385 963 958 511 206 299 681 995 561 795 217 919 70 308 116 990 620 3 866 142 142 548 28 73 422 446 657 990 911 249 180 932 673 279 113 143 249 450 987 430 840 291 546 33 265 536 121 535 125 920 925 305 612 342 469 263 166 192 318 771 709 149 766 397 678 719 121 548 89 595
82 648 904 191 687 621 966 67 720 322 783 762 352 377 58 74 807 177 78 317 140 141 103 316 850 394 364 969 442 477 798 285 702 415 936 630 122 241 414 888 511 242 977 664 27 866 827 802 479 535 461 974 661 702 476 769 614 758 181 779 900 62 477 920 962 313 989 805 169 407 602 808 725 624 159 418 207 549 629 437 344 1 738 116 886 187 134 27 168 646 378 379 961 429 547 224 928 925 843 86
108 427 281 170 325 671 527 744 320 885 542 219 97 588 971 2 744 927 810 284 561 170 232 383 976 590 961 683 911 692 747 837 899 145 650 322 754 80 386 973 939 924 530 729 603 464 599 640 579 176 53 194 530 167 4 479 273 534 342 876 638 159 978 828 632 232 396 204 208 20 195 333 329 807 780 785 794 126 910 498 482 232 814 44 378 67 658 464 414 92 189 397 149 750 215 819 897 400 195 512
50 569 704 674 334 738 112 364 661 825 340 393 950 22 744 815 724 640 174 226 338 620 255 114 479 936 252 430 380 497 513 57 638 724 649 831 704 533 377 960 106 634 337 753 139 82 972 721 890 768 23 190 781 0 395 808 409 73 850 280 518 37 108 507 826 869 268 714 441 422 825 642 887 63 100 808 266 909 369 921 82 852 103 625 57 987 15 804 802 296 151 761 775 617 258 452 591 612 875 60
781 550 381 50 993 861 87 283 513 931 244 960 909 660 332 41 234 983 412 907 812 511 182 641 598 426 166 394 129 282 99 244 229 624 758 34 780 975 949 141 828 239 633 12 523 763 844 660 952 803 510 372 95 522 625 833 676 753 213 104 609 306 179 909 742 177 127 19 803 800 566 402 254 675 332 166 781 853 752 383 484 312 497 638 853 766 535 221 45 532 986 349 98 300 91 814 368 602 243 647
846 190 184 501 686 269 998 708 848 139 799 292 541 314 175 579 427 260 219 697 858 738 271 299 470 292 774 891 10 969 353 129 694 361 311 53 856 119 387 823 938 790 899 223 114 404 317 443 401 157 850 663 761 740 349 611 316 71 512 476 8 837 286 706 407 574 950 156 980 305 173 760 471 868 375 470 919 563 816 736 949 937 335 190 574 410 347 57 210 993 785 312 901 555 715 87 946 310 452 13
468 597 681 597 17 894 293 809 245 480 908 136 118 940 568 353 978 863 443 66 714 764 217 942 931 634 881 246 716 143 473 386 465 462 632 614 1000 740 186 103 226 958 616 892 545 738 594 955 929 409 968 6 547 619 245 940 703 712 401 107 751 180 298 541 868 403 322 495 472 707 505 508 689 970 469 463 531 532 386 956 140 189 219 773 620 10 398 61 451 381 59 950 913 679 733 330 85 370 621 362
575 372 558 279 519 17 959 117 534 976 620 686 28 835 497 318 248 312 480 222 238 114 354 134 310 222 346 441 976 345 498 933 218 329 772 269 160 240 157 90 775 478 23 902 818 440 429 296 81 502 923 71 414 221 178 523 441 357 867 580 408 221 552 946 254 248 977 548 11 246 582 750 633 125 56 336 790 112 553 658 729 497 557 401 878 87 660 945 284 739 862 769 315 386 5 170 361 182 699 796
144 707 808 368 93 440 427 659 894 696 475 0 103 197 308 589 227 670 370 947 55 5 650 139 814 772 164 356 963 690 897 716 628 538 939 875 886 400 948 441 184 903 433 894 398 781 583 537 937 295 954 695 37 710 334 238 346 246 504 320 603 470 955 126 382 621 310 170 266 782 856 845 902 60 803 861 502 460 782 483 273 540 487 72 345 317 231 246 921 174 23 267 101 371 128 319 712 976 651 315
145 890 629 923 700 759 549 15 954 921 1 358 639 110 6 155 641 868 289 913 551 578 332 622 739 129 40 744 648 265 575 81 359 639 505 169 263 368 697 387 508 807 312 197 579 548 975 885 763 729 82 850 92 955 789 192 659 322 520 137 516 641 154 114 459 971 56 208 488 890 848 657 339 703 590 857 427 997 12 849 981 428 630 617 795 23 670 524 828 882 589 300 39 554 341 321 496 152 928 596
814 217 912 256 419 434 868 273 48 773 467 896 441 740 394 146 391 539 785 610 876 869 618 27 589 464 840 743 639 191 403 700 138 705 768 73 728 840 110 33 669 581 832 232 727 757 952 53 774 550 703 255 979 718 394 641 738 498 903 966 326 615 559 126 679 622 675 213 981 152 72 671 29 649 272 232 882 285 961 541 88 594 108 734 755 309 385 433 739 607 422 489 761 233 902 924 201 944 365 107
194 521 282 767 488 883 392 700 62 993 961 683 439 745 324 81 839 200 544 52 294 739 655 313 471 566 165 66 158 437 354 250 147 830 905 379 664 548 559 281 597 280 616 394 78 366 613 792 585 225 755 237 825 933 705 51 415 567 30 463 666 354 107 260 472 85 628 654 932 349 715 979 621 333 790 197 105 600 497 256 220 723 625 735 45 325 613 483 317 155 7 915 727 397 135 945 59 616 977 649
845 741 720 130 932 169 784 781 475 312 69 996 17 873 354 20 616 937 954 655 906 355 599 821 979 681 830 759 906 251 210 621 830 582 894 857 876 847 9 940 879 262 660 739 166 718 869 841 446 873 247 809 538 543 899 786 901 742 523 800 886 348 131 104 380 129 815 172 713 227 760 192 519 166 1000 436 830 327 528 755 596 429 223 683 225 802 527 273 750 231 586 578 228 412 339 104 798 110 835 147
867 534 46 592 583 692 419 860 146 773 384 774 322 274 592 328 491 315 139 714 14 284 332 103 671 482 743 87 557 689 627 958 818 841 798 173 616 187 466 802 170 810 414 750 138 727 44 237 840 768 453 116 85 111 123 706 710 997 760 33 426 655 130 770 703 574 888 224 623 530 651 537 301 203 180 281 647 302 258 433 841 776 424 537 762 48 452 941 236 29 769 640 428 829 639 472 62 838 887 105
667 320 314 692 476 750 925 479 165 265 441 103 183 545 371 106 450 23 233 139 599 33 513 734 689 621 226 326 433 744 759 670 54 504 598 953 206 439 918 683 401 677 483 738 894 382 518 535 698 790 788 576 899 915 366 679 299 221 371 861 196 259 841 577 542 115 332 368 28 852 350 76 155 470 188 998 572 574 872 531 893 516 221 175 770 884 358 707 659 904 255 314 886 756 368 651 622 520 85 534
996 339 101 516 772 157 987 892 211 231 264 107 847 80 723 524 64 501 966 35 397 660 73 670 40 956 514 372 559 230 627 510 731 126 401 880 184 865 402 192 718 638 153 555 777 467 83 464 982 128 702 719 151 554 57 34 778 516 104 402 561 287 261 333 388 384 201 596 312 669 477 773 641 200 932 82 904 576 811 280 369 379 681 26 901 359 2 151 868 813 75 209 379 524 442 436 840 821 89 690
139 617 805 282 127 57 681 164 807 721 784 992 420 21 658 205 675 886 505 304 875 916 51 236 797 876 718 281 398 611 334 995 904 558 720 688 841 956 206 413 661 221 883 69 270 40 779 887 268 611 256 318 308 255 365 36 107 869 57 677 706 657 395 521 171 575 507 833 303 878 328 510 715 748 305 152 27 576 718 263 808 204 762 486 493 333 757 642 177 374 465 34 753 110 953 154 841 51 567 455
77 491 182 250 582 34 479 569 633 887 313 622 373 815 223 2 558 534 629 201 591 574 406 64 682 554 998 834 799 550 244 101 382 918 154 216 669 162 337 159 898 861 159 865 715 368 413 210 994 759 923 212 518 46 768 551 518 967 96 92 122 748 644 169 201 533 94 277 917 589 382 936 542 510 888 348 564 179 284 479 617 598 483 399 588 130 540 601 628 319 258 894 269 288 463 823 850 409 466 233
47 164 861 279 143 380 273 117 998 590 737 57 918 123 454 678 730 603 3 637 608 827 552 753 314 203 748 395 811 481 463 340 696 885 544 557 859 13 38 290 339 442 136 660 995 800 814 516 591 483 790 630 321 219 330 708 561 222 95 213 415 302 297 177 442 687 852 303 858 126 753 124 62 614 279 283 551 188 353 1 110 777 857 602 243 56 570 91 186 731 506 204 401 502 772 624 16 691 457 55
700 426 35 152 833 356 282 305 219 857 610 645 63 65 221 187 789 220 705 29 830 70 976 846 419 17 819 722 789 449 251 648 404 768 802 664 435 429 717 579 896 54 267 548 300 840 473 10 703 262 853 448 563 870 148 781 16 573 522 937 246 751 50 357 249 34 47 71 844 403 590 344 807 827 462 402 190 401 666 841 921 21 805 547 89 254 648 652 513 361 888 602 574 622 279 322 69 690 882 887
537 344 346 783 862 389 948 78 934 328 308 231 820 270 136 219 699 552 48 764 648 901 315 198 801 284 235 797 417 445 169 963 598 817 390 418 122 839 66 887 922 181 741 464 679 547 97 184 692 225 358 282 257 689 468 429 756 887 107 894 700 456 723 645 928 251 82 240 369 511 342 110 789 936 991 201 609 303 82 4 842 208 47 665 484 215 271 628 708 568 102 632 55 409 931 329 722 812 334 715
400 471 241 38 588 504 86 85 861 251 332 362 221 910 187 941 842 95 99 783 885 310 961 916 484 883 695 877 393 801 945 403 813 548 103 74 297 664 239 656 103 84 604 819 388 839 147 723 344 300 291 499 341 670 349 119 896 959 462 981 366 229 550 931 113 357 731 73 737 186 721 297 378 660 190 792 994 862 16 751 398 371 676 430 248 602 331 651 622 184 889 932 264 217 6 849 872 209 296 480
985 616 543 939 312 171 12 656 199 818 305 817 329 288 35 952 349 20 433 53 87 468 168 267 145 131 328 475 753 987 119 477 140 897 565 323 266 434 299 446 913 953 431 650 593 182 173 154 314 257 631 692 66 384 898 332 151 150 937 673 324 567 239 892 168 799 792 960 867 876 261 393 736 733 996 661 319 998 252 975 274 416 226 221 98 452 501 994 232 929 39 39 366 531 853 627 765 588 545 164
863 277 18 491 494 19 595 998 976 63 804 329 883 257 920 232 323 370 595 705 772 882 338 505 405 149 242 852 952 936 531 587 816 340 978 92 788 317 928 496 382 71 870 173 344 234 737 992 247 70 219 872 691 45 532 186 511 242 499 474 354 633 110 982 122 252 283 480 224 177 246 35 237 793 481 149 639 367 639 552 346 16 175 182 80 564 194 83 650 143 371 145 607 52 135 430 296 315 866 410
677 314 198 602 918 839 801 557 224 872 157 519 438 468 821 426 320 404 306 204 790 588 579 399 519 430 601 576 581 533 511 453 388 622 921 565 845 896 215 635 438 793 559 496 835 679 617 280 933 117 133 62 489 726 404 905 610 350 852 821 338 0 121 785 413 952 718 266 683 63 382 8 103 49 899 30 205 490 589 180 167 150 59 843 709 46 345 371 851 183 532 926 329 918 496 609 92 603 813 132
736 904 666 27 98 95 187 414 413 858 818 52 101 880 21 990 199 990 199 357 391 837 105 248 910 932 399 333 45 423 333 950 461 73 262 1000 195 654 731 182 261 580 921 664 236 535 820 712 662 176 671 432 375 12 331 700 874 919 33 14 861 132 915 672 290 212 623 597 937 190 650 491 2 238 605 910 651 149 420 328 130 654 50 902 618 132 702 260 93 964 774 906 279 832 984 565 666 877 481 925
232 511 306 610 439 864 111 247 159 426 390 697 765 720 717 832 265 346 740 259 314 54 133 544 167 379 365 605 502 388 569 329 988 497 639 535 906 3 940 93 516 147 401 999 207 820 318 236 514 350 74 175 19 564 620 752 563 716 156 222 787 545 524 381 922 756 175 481 565 677 725 16 909 930 305 157 422 726 727 749 391 406 213 885 992 881 992 689 677 895 983 390 286 675 92 826 436 534 279 696
664 919 263 598 479 235 912 804 968 555 430 633 557 999 45 9 174 558 64 816 772 994 809 370 108 664 400 945 533 707 672 317 626 932 732 348 623 165 419 676 758 732 110 140 285 506 594 604 143 130 960 491 447 233 507 976 245 377 303 908 68 537 655 498 716 892 422 234 725 835 54 490 3 668 628 252 471 430 602 241 461 16 890 863 385 806 986 80 200 657 319 418 510 935 219 51 434 327 47 820
457 743 92 926 589 938 781 764 202 866 905 416 282 67 375 252 846 141 443 246 391 95 537 187 3 341 52 340 59 515 692 3 862 732 877 815 481 171 17 72 723 592 565 924 434 16 481 348 57 197 537 910 909 817 0 230 243 403 758 20 931 542 260 160 971 224 750 778 440 720 84 897 816 839 59 622 237 866 689 462 362 441 307 294 377 959 420 851 668 842 9 828 139 62 822 822 921 683 366 287
715 81 588 814 186 952 632 395 811 861 448 452 712 63 781 328 366 177 358 718 98 630 661 114 677 645 944 160 893 650 547 381 201 803 169 241 836 721 429 545 518 535 388 969 536 740 573 829 162 612 643 512 180 238 80 398 620 856 438 190 124 764 524 282 979 709 353 448 270 105 853 850 962 683 435 339 420 136 243 875 752 722 778 46 177 874 528 235 677 678 351 127 220 432 364 942 493 883 199 552
858 305 380 793 639 107 758 243 357 743 949 502 834 25 901 782 58 395 769 61 881 884 386 866 433 355 398 510 224 926 555 584 431 150 327 114 838 688 370 160 575 968 801 26 8 259 608 460 690 921 560 314 183 161 854 885 183 23 244 585 803 471 304 504 349 282 145 755 887 379 800 649 4 941 605 286 805 619 484 114 189 767 407 920 678 835 911 239 487 361 85 569 656 819 612 743 410 372 131 875
632 665 303 972 42 124 705 753 542 10 958 308 43 482 109 74 389 473 363 907 665 278 195 69 168 918 809 706 905 835 172 437 823 801 946 8 608 346 4 354 748 158 833 977 246 55 2 451 930 682 755 45 510 799 11 236 529 569 328 898 439 210 409 484 585 852 386 304 164 524 592 957 273 86 997 81 44 758 354 93 581 401 190 433 586 542 667 317 961 194 729 845 54 222 281 372 240 718 757 985
303 301 415 337 497 519 706 70 837 238 765 419 868 482 262 887 670 473 483 119 323 35 421 908 715 984 676 270 704 400 839 656 596 121 646 576 372 230 400 396 877 761 968 686 678 801 394 908 316 176 965 913 982 16 751 988 497 2 595 426 810 102 310 344 162 684 832 726 86 913 286 280 379 655 447 502 352 399 617 161 176 869 885 211 176 589 414 893 2 515 794 34 622 32 474 312 496 30 99 301
859 943 739 811 210 121 951 583 264 248 967 577 380 749 370 291 736 998 269 50 334 126 859 975 953 135 135 387 131 11 3 438 885 755 804 61 835 920 352 885 461 893 812 112 507 351 836 100 665 383 15 538 374 385 286 751 128 0 277 673 743 402 181 287 789 245 375 713 821 56 677 561 628 591 541 46 831 910 728 629 929 494 724 94 418 175 933 724 543 116 697 316 821 468 779 597 125 171 722 896
262 181 215 460 346 422 772 31 639 353 394 415 703 974 729 508 780 589 252 315 294 690 409 150 437 198 499 158 412 153 95 819 835 529 253 323 348 690 851 531 134 744 371 21 300 288 137 545 677 286 105 483 350 262 974 469 955 241 214 828 715 102 823 914 991 738 466 687 732 144 737 868 459 298 805 576 811 671 490 623 671 489 160 884 600 412 853 712 649 150 54 597 988 289 461 985 649 609 265 710
282 644 341 863 599 718 348 959 566 228 643 343 78 149 128 723 374 803 916 924 665 466 943 846 991 971 987 630 902 528 644 861 172 823 170 521 333 31 874 659 118 618 544 949 734 919 298 272 887 189 393 178 921 42 68 757 301 400 604 739 739 182 971 61 675 632 348 720 459 465 181 121 447 41 211 766 237 827 523 929 588 264 735 485 394 982 209 91 656 153 935 96 75 301 512 50 953 405 972 895
521 489 934 511 93 195 16 908 749 522 31 660 260 837 703 471 258 725 21 664 917 391 181 787 755 100 651 340 298 780 504 526 515 868 174 690 220 214 76 882 34 627 244 302 940 526 323 980 204 561 327 692 233 436 709 544 673 502 57 81 655 821 406 222 903 440 309 525 852 565 797 184 516 236 768 197 491 857 324 168 342 429 944 934 142 334 641 80 225 746 384 436 980 668 236 781 776 257 679 345
388 322 220 193 821 756 314 298 205 690 674 257 900 350 556 309 740 661 391 594 263 823 46 677 275 349 38 790 721 440 324 545 999 942 83 742 470 657 840 871 326 885 707 881 434 445 363 400 652 914 329 197 713 513 219 506 281 828 938 151 897 32 842 105 343 159 85 0 181 613 196 982 371 595 293 564 616 312 96 179 541 577 869 500 210 202 997 255 276 751 665 123 397 52 331 639 557 751 998 798
426 880 183 161 994 76 1000 746 805 482 366 85 976 893 67 340 568 657 729 412 322 814 28 621 33 169 792 461 400 177 989 268 82 363 680 446 584 547 402 559 165 414 920 519 378 131 591 503 865 465 517 867 535 853 16 755 72 7 329 461 630 775 759 920 892 81 653 211 156 208 276 119 619 504 410 914 601 12 167 811 856 548 259 608 465 334 471 299 11 287 283 824 719 587 287 746 678 981 61 967
726 875 883 81 964 986 773 100 501 1 993 505 14 627 618 808 418 225 926 961 928 838 515 790 886 134 827 923 693 536 183 555 622 771 704 268 488 527 397 34 539 731 317 294 283 66 379 313 621 948 300 187 844 388 991 981 8 499 569 133 936 488 861 851 355 818 380 631 287 808 183 305 655 785 784 943 995 109 289 772 723 956 655 717 401 210 474 930 307 586 261 981 931 437 357 862 634 858 891 417
198 217 239 167 263 849 70 604 455 537 372 154 196 203 557 664 530 51 335 878 985 301 719 108 459 153 747 859 31 330 95 794 113 199 804 971 795 721 628 685 709 72 542 849 205 384 400 792 525 330 359 170 65 255 877 382 827 317 287 420 139 785 229 843 363 825 70 105 266 936 336 442 264 724 66 969 581 734 740 145 329 808 416 201 393 585 258 93 194 302 429 709 520 475 806 129 4 472 396 348
953 409 939 307 330 117 165 805 15 540 423 719 514 959 819 514 338 24 277 218 445 807 921 604 223 428 867 773 208 487 580 90 867 650 717 669 984 187 623 627 742 287 324 663 889 622 162 459 240 597 715 122 584 574 793 372 532 614 426 739 655 633 141 917 938 176 89 800 645 578 53 10 177 903 104 79 545 940 264 668 595 730 190 519 489 790 201 70 723 728 825 393 930 136 895 52 404 247 834 1
538 59 46 825 128 903 85 866 769 793 559 288 26 681 960 182 819 285 106 311 929 897 123 948 247 966 239 882 463 768 995 329 658 774 943 516 495 355 32 897 477 340 971 208 911 727 604 319 936 199 10 649 261 867 642 499 876 995 390 363 127 400 513 81 227 856 615 419 524 505 828 687 496 506 860 83 703 658 264 891 959 890 7 740 59 478 183 249 40 532 325 535 513 132 472 680 595 397 729 851
376 412 868 53 43 639 58 253 126 362 689 325 311 556 957 362 670 708 984 140 212 507 738 743 925 603 591 439 878 597 280 202 16 579 899 132 437 939 403 599 57 866 425 735 989 429 350 728 803 638 18 828 265 882 855 421 727 700 288 687 596 985 381 815 485 836 346 530 320 48 351 567 306 164 296 865 108 940 832 6 2 428 896 954 894 133 889 938 701 948 625 252 808 292 236 548 371 609 780 838
922 525 495 536 660 17 66 671 121 249 869 908 52 408 623 842 623 802 258 167 193 74 341 551 202 814 423 699 977 110 922 409 465 307 328 259 152 281 247 753 142 320 515 491 994 956 290 708 220 535 921 103 336 128 629 589 686 268 641 577 642 368 178 540 820 745 978 233 830 885 754 414 364 779 152 928 72 283 988 703 748 369 853 223 37 491 678 142 892 189 816 836 950 993 99 240 850 790 917 719
274 244 228 270 410 254 30 388 334 234 616 711 596 116 167 865 655 58 326 951 565 916 913 202 713 467 11 369 44 704 909 529 654 361 682 140 723 463 657 566 841 574 396 208 847 619 241 560 105 126 200 143 840 450 199 181 395 352 85 109 155 752 759 167 857 995 23 806 87 370 668 808 336 270 950 426 667 596 121 818 576 385 778 592 432 108 670 154 756 378 643 676 964 182 946 196 635 223 52 555
431 22 434 830 96 887 835 442 152 412 24 747 683 707 984 278 569 117 798 134 204 142 659 466 974 336 891 508 543 305 212 500 493 330 566 897 60 476 293 901 487 808 221 418 991 160 724 23 329 579 559 817 722 793 569 312 330 664 790 307 870 493 18 899 745 867 868 666 635 265 743 851 632 550 274 343 560 812 827 167 254 826 738 550 292 648 817 55 766 925 257 127 854 892 599 841 720 1 827 254
178 862 833 662 259 729 715 414 219 836 750 805 477 649 813 100 947 839 251 407 898 25 608 441 357 251 562 100 129 365 938 364 272 35 218 149 361 427 86 298 94 57 259 939 756 918 442 25 4 875 379 911 189 97 54 129 909 664 917 309 102 465 578 548 704 964 868 750 430 407 643 158 675 310 25 442 522 386 294 803 537 729 149 164 762 313 777 608 936 4 815 458 229 410 676 735 796 771 236 957
742 535 761 766 658 148 114 261 469 707 314 61 591 7 642 20 679 705 301 374 967 207 209 108 62 252 222 93 917 455 215 872 306 507 435 29 440 418 796 61 726 717 976 102 574 896 605 542 791 872 800 749 914 639 240 214 767 399 933 96 917 596 326 297 326 806 966 162 383 25 730 307 218 357 431 815 339 559 290 788 12 484 4 873 434 782 450 850 133 728 722 319 770 198 526 922 162 411 884 841
773 317 149 508 865 448 763 800 358 978 945 428 934 822 973 217 698 720 735 57 527 779 881 862 581 619 215 903 879 944 246 95 240 686 546 343 395 242 528 893 337 906 248 588 862 511 282 123 174 925 558 682 194 986 290 134 19 619 925 822 527 125 780 930 894 952 202 86 231 894 944 527 631 438 773 651 759 788 322 935 10 593 663 396 209 387 177 553 807 126 380 269 918 779 184 6 974 441 894 288
789 3 982 374 404 226 537 11 888 323 834 427 955 979 86 95 499 224 828 812 129 767 642 519 541 716 346 949 987 593 766 792 726 77 333 45 498 263 547 961 275 641 662 482 487 525 108 215 980 420 136 946 585 348 560 850 589 404 23 687 401 875 915 647 123 541 871 725 728 868 476 512 289 467 655 162 174 462 362 979 730 914 990 276 802 62 945 239 566 42 55 759 501 713 981 660 761 503 256 258
545 273 910 838 864 423 606 329 326 65 615 668 646 778 404 707 5 337 726 232 376 948 516 752 457 979 970 568 5 862 572 190 672 754 807 899 365 239 523 49 925 690 520 679 508 280 145 187 916 331 524 717 59 470 454 384 511 768 452 73 555 538 3 754 814 911 359 38 698 732 334 59 990 51 313 941 346 831 725 334 982 777 108 522 491 240 144 396 25 747 804 152 328 984 441 789 776 776 699 261
561 506 163 280 201 453 242 667 816 959 340 10 859 481 858 931 792 874 179 103 449 991 911 330 140 22 410 981 301 780 687 670 838 763 637 706 375 940 621 535 90 727 764 879 1 530 203 224 558 357 339 779 413 558 526 603 991 251 615 30 668 526 760 650 298 152 336 419 261 653 184 646 880 270 905 104 337 897 584 936 702 495 689 288 581 166 818 109 264 866 696 460 212 927 954 158 905 975 700 80
896 497 991 581 251 778 435 353 166 435 180 354 460 965 769 226 836 788 699 978 394 707 644 808 373 531 245 163 852 323 813 474 462 921 531 321 18 62 411 89 612 401 886 298 614 485 642 920 168 14 725 715 144 998 522 507 519 503 258 880 540 275 822 636 835 554 748 52 202 785 378 550 576 831 177 758 527 677 482 739 975 672 755 7 292 32 181 684 204 645 573 697 250 150 595 940 296 193 772 816
365 598 900 53 601 83 892 703 911 792 421 997 458 987 39 277 102 170 923 428 826 694 590 743 556 642 377 488 835 656 314 805 276 210 708 942 896 777 25 239 69 7 892 196 195 208 77 788 116 518 658 112 691 778 940 702 667 705 968 158 516 202 725 136 41 577 289 69 413 433 454 465 385 166 4 706 135 847 724 548 603 382 212 404 283 30 810 803 612 873 150 279 132 616 225 754 76 909 983 189
470 934 890 582 612 437 87 273 408 367 157 556 394 494 815 425 539 934 76 657 298 235 105 467 131 755 856 5 72 355 921 487 412 126 573 321 867 698 615 275 556 305 798 342 950 48 561 316 379 967 216 541 808 3 144 718 298 517 407 618 807 135 242 646 245 909 193 338 265 433 319 409 179 485 694 956 239 720 485 573 112 501 81 264 785 960 831 995 594 645 780 996 807 105 807 281 175 877 667 624
731 269 467 295 206 770 702 304 782 36 555 897 849 538 116 999 178 920 424 328 974 726 125 971 674 649 841 655 536 58 298 974 313 552 682 478 55 356 809 20 581 808 10 789 95 359 40 599 812 786 853 981 572 254 227 729 509 558 222 739 423 600 759 113 488 882 76 113 901 837 772 132 271 489 326 379 357 144 399 736 514 589 13 771 929 687 227 279 86 820 966 552 979 251 409 614 721 217 393 319
768 818 749 985 217 602 585 796 302 812 799 126 492 783 490 921 815 362 104 804 787 933 546 931 786 606 160 229 891 776 806 235 862 658 937 395 250 111 845 719 917 434 535 706 461 334 762 595 774 975 471 463 402 17 627 532 14 670 634 983 91 153 343 699 963 597 580 52 518 943 981 423 701 477 976 592 83 534 657 826 697 619 109 172 299 199 680 55 194 684 383 596 408 963 300 823 403 96 564 767
553 816 757 843 146 496 914 261 623 945 971 203 898 232 643 949 133 16 526 928 44 822 989 87 983 509 265 315 832 370 388 316 985 539 218 718 484 509 700 805 437 35 666 899 363 385 30 756 372 50 574 34 0 781 307 849 148 125 678 119 674 641 226 616 797 809 563 99 708 158 659 869 875 540 820 99 304 981 783 282 721 778 217 784 431 789 557 365 719 258 334 729 682 141 919 677 258 496 172 491
268 624 936 670 68 262 685 551 676 273 395 889 263 852 348 764 766 898 796 889 390 516 246 574 104 32 918 260 233 562 99 124 922 65 778 850 162 803 423 134 358 815 430 483 219 910 739 908 319 825 311 445 225 32 101 833 367 206 97 786 487 531 905 914 558 442 171 813 335 368 870 984 224 674 868 764 210 942 877 894 770 494 723 492 263 99 957 222 382 243 500 536 627 768 422 224 243 170 348 412
67 753 877 626 345 855 262 921 862 736 882 942 201 528 492 168 660 468 363 390 242 176 373 771 22 651 897 651 128 803 366 833 692 576 980 480 432 117 774 100 852 556 468 604 174 500 414 861 619 254 561 950 329 311 620 124 832 108 88 689 282 701 469 879 424 587 41 568 430 826 953 659 364 77 96 727 250 616 590 145 900 539 225 765 420 331 677 155 518 320 581 610 558 607 446 657 191 736 699 153
661 335 539 982 500 967 983 623 574 721 218 591 830 308 144 450 837 270 956 465 703 662 45 779 191 796 526 342 253 412 960 571 173 801 906 745 250 433 101 193 47 557 477 16 496 34 179 784 600 97 198 972 621 260 900 83 382 406 22 152 530 652 248 90 805 197 964 642 139 685 259 173 217 537 205 787 55 970 373 520 981 123 992 368 169 322 650 683 912 555 709 61 686 424 118 524 899 799 954 333
909 595 811 488 406 439 401 472 299 677 569 393 746 111 765 128 514 523 132 629 480 907 24 163 609 655 659 728 491 18 578 680 784 473 762 20 492 113 629 478 213 867 896 474 178 618 401 284 692 880 803 990 861 67 725 773 441 157 861 748 252 156 826 481 594 674 876 496 140 970 168 617 743 46 287 623 560 326 580 535 699 715 241 918 684 200 777 690 926 976 986 448 926 819 691 315 360 777 706 158
409 332 801 777 301 946 509 610 403 269 985 88 861 855 650 2 329 9 264 779 163 25 222 829 328 419 980 753 862 656 234 246 965 797 860 583 380 543 527 528 106 787 994 892 257 473 167 465 107 113 937 135 589 293 253 897 448 464 180 67 641 927 39 207 79 970 26 224 593 268 987 704 434 794 329 465 614 745 625 537 640 395 862 568 525 286 388 46 936 692 725 482 806 592 668 746 662 48 580 861
299 87 757 347 998 809 193 612 502 88 878 52 214 1 532 409 982 67 706 644 24 313 244 863 458 363 909 407 404 918 377 264 532 63 980 283 948 62 844 664 67 983 977 681 757 383 97 50 10 206 699 797 846 686 201 215 140 468 797 241 732 304 225 921 417 215 184 489 73 871 892 297 116 711 429 213 747 214 354 383 704 184 869 696 496 813 185 207 747 255 336 98 94 627 185 540 619 700 432 442
